+--------------------------------------------------------------------------------------------------------------------------------------------------------------------------------------------------------------------------------------------------------+
; Legal Partition Candidates                                                                                                                                                                                                                             ;
+---------------------------------------------------+-------+----------------+--------------+----------------+--------+-----------------+---------------+-----------------+-------+----------------+--------------+------------------+-------------------+
; Hierarchy                                         ; Input ; Constant Input ; Unused Input ; Floating Input ; Output ; Constant Output ; Unused Output ; Floating Output ; Bidir ; Constant Bidir ; Unused Bidir ; Input only Bidir ; Output only Bidir ;
+---------------------------------------------------+-------+----------------+--------------+----------------+--------+-----------------+---------------+-----------------+-------+----------------+--------------+------------------+-------------------+
; inst13                                            ; 9     ; 0              ; 0            ; 0              ; 0      ; 0               ; 0             ; 0               ; 8     ; 0              ; 0            ; 0                ; 8                 ;
; inst23|altsyncram_component|auto_generated        ; 12    ; 0              ; 0            ; 0              ; 8      ; 0               ; 0             ; 0               ; 0     ; 0              ; 0            ; 0                ; 0                 ;
; inst23                                            ; 12    ; 0              ; 0            ; 0              ; 8      ; 0               ; 0             ; 0               ; 0     ; 0              ; 0            ; 0                ; 0                 ;
; inst12                                            ; 9     ; 0              ; 0            ; 0              ; 0      ; 0               ; 0             ; 0               ; 8     ; 0              ; 0            ; 0                ; 8                 ;
; inst1|lpm_counter_component|auto_generated        ; 6     ; 0              ; 0            ; 0              ; 3      ; 0               ; 0             ; 0               ; 0     ; 0              ; 0            ; 0                ; 0                 ;
; inst1                                             ; 6     ; 0              ; 0            ; 0              ; 3      ; 0               ; 0             ; 0               ; 0     ; 0              ; 0            ; 0                ; 0                 ;
; inst5|altsyncram_component|auto_generated         ; 4     ; 0              ; 0            ; 0              ; 8      ; 0               ; 0             ; 0               ; 0     ; 0              ; 0            ; 0                ; 0                 ;
; inst5                                             ; 4     ; 0              ; 0            ; 0              ; 8      ; 0               ; 0             ; 0               ; 0     ; 0              ; 0            ; 0                ; 0                 ;
; inst6                                             ; 9     ; 0              ; 0            ; 0              ; 8      ; 0               ; 0             ; 0               ; 0     ; 0              ; 0            ; 0                ; 0                 ;
; inst|altsyncram_component|auto_generated          ; 12    ; 0              ; 0            ; 0              ; 8      ; 0               ; 0             ; 0               ; 0     ; 0              ; 0            ; 0                ; 0                 ;
; inst                                              ; 12    ; 0              ; 0            ; 0              ; 8      ; 0               ; 0             ; 0               ; 0     ; 0              ; 0            ; 0                ; 0                 ;
; inst11|inst5                                      ; 9     ; 0              ; 0            ; 0              ; 0      ; 0               ; 0             ; 0               ; 8     ; 0              ; 0            ; 0                ; 8                 ;
; inst11|inst4                                      ; 9     ; 0              ; 0            ; 0              ; 0      ; 0               ; 0             ; 0               ; 8     ; 0              ; 0            ; 0                ; 8                 ;
; inst11|inst19                                     ; 16    ; 0              ; 0            ; 0              ; 8      ; 0               ; 0             ; 0               ; 0     ; 0              ; 0            ; 0                ; 0                 ;
; inst11|inst8                                      ; 9     ; 0              ; 0            ; 0              ; 0      ; 0               ; 0             ; 0               ; 8     ; 0              ; 0            ; 0                ; 8                 ;
; inst11|inst6                                      ; 9     ; 0              ; 0            ; 0              ; 0      ; 0               ; 0             ; 0               ; 8     ; 0              ; 0            ; 0                ; 8                 ;
; inst11|inst17                                     ; 16    ; 0              ; 0            ; 0              ; 8      ; 0               ; 0             ; 0               ; 0     ; 0              ; 0            ; 0                ; 0                 ;
; inst11|inst21                                     ; 8     ; 0              ; 0            ; 0              ; 8      ; 0               ; 0             ; 0               ; 0     ; 0              ; 0            ; 0                ; 0                 ;
; inst11|inst10                                     ; 9     ; 0              ; 0            ; 0              ; 0      ; 0               ; 0             ; 0               ; 8     ; 0              ; 0            ; 0                ; 8                 ;
; inst11|inst9                                      ; 9     ; 0              ; 0            ; 0              ; 0      ; 0               ; 0             ; 0               ; 8     ; 0              ; 0            ; 0                ; 8                 ;
; inst11|inst14                                     ; 16    ; 0              ; 0            ; 0              ; 8      ; 0               ; 0             ; 0               ; 0     ; 0              ; 0            ; 0                ; 0                 ;
; inst11|inst18                                     ; 8     ; 0              ; 0            ; 0              ; 8      ; 0               ; 0             ; 0               ; 0     ; 0              ; 0            ; 0                ; 0                 ;
; inst11|inst11                                     ; 9     ; 0              ; 0            ; 0              ; 0      ; 0               ; 0             ; 0               ; 8     ; 0              ; 0            ; 0                ; 8                 ;
; inst11|inst20                                     ; 8     ; 0              ; 0            ; 0              ; 8      ; 0               ; 0             ; 0               ; 0     ; 0              ; 0            ; 0                ; 0                 ;
; inst11|inst16                                     ; 9     ; 0              ; 0            ; 0              ; 0      ; 0               ; 0             ; 0               ; 8     ; 0              ; 0            ; 0                ; 8                 ;
; inst11|inst13                                     ; 9     ; 0              ; 0            ; 0              ; 0      ; 0               ; 0             ; 0               ; 8     ; 0              ; 0            ; 0                ; 8                 ;
; inst11|inst15                                     ; 16    ; 0              ; 0            ; 0              ; 8      ; 0               ; 0             ; 0               ; 0     ; 0              ; 0            ; 0                ; 0                 ;
; inst11|inst23                                     ; 9     ; 0              ; 0            ; 0              ; 0      ; 0               ; 0             ; 0               ; 8     ; 0              ; 0            ; 0                ; 8                 ;
; inst11|inst22                                     ; 9     ; 0              ; 0            ; 0              ; 0      ; 0               ; 0             ; 0               ; 8     ; 0              ; 0            ; 0                ; 8                 ;
; inst11|inst12                                     ; 16    ; 0              ; 0            ; 0              ; 8      ; 0               ; 0             ; 0               ; 0     ; 0              ; 0            ; 0                ; 0                 ;
; inst11|inst25                                     ; 9     ; 0              ; 0            ; 0              ; 0      ; 0               ; 0             ; 0               ; 8     ; 0              ; 0            ; 0                ; 8                 ;
; inst11|inst24                                     ; 9     ; 0              ; 0            ; 0              ; 0      ; 0               ; 0             ; 0               ; 8     ; 0              ; 0            ; 0                ; 8                 ;
; inst11|inst3|lpm_add_sub_component|auto_generated ; 16    ; 0              ; 0            ; 0              ; 8      ; 0               ; 0             ; 0               ; 0     ; 0              ; 0            ; 0                ; 0                 ;
; inst11|inst3                                      ; 16    ; 0              ; 0            ; 0              ; 8      ; 0               ; 0             ; 0               ; 0     ; 0              ; 0            ; 0                ; 0                 ;
; inst11|inst27                                     ; 9     ; 0              ; 0            ; 0              ; 0      ; 0               ; 0             ; 0               ; 8     ; 0              ; 0            ; 0                ; 8                 ;
; inst11|inst7|lpm_decode_component|auto_generated  ; 3     ; 0              ; 0            ; 0              ; 8      ; 0               ; 0             ; 0               ; 0     ; 0              ; 0            ; 0                ; 0                 ;
; inst11|inst7                                      ; 3     ; 0              ; 0            ; 0              ; 8      ; 0               ; 0             ; 0               ; 0     ; 0              ; 0            ; 0                ; 0                 ;
; inst11|inst26                                     ; 9     ; 0              ; 0            ; 0              ; 0      ; 0               ; 0             ; 0               ; 8     ; 0              ; 0            ; 0                ; 8                 ;
; inst11|inst1|lpm_add_sub_component|auto_generated ; 16    ; 0              ; 0            ; 0              ; 8      ; 0               ; 0             ; 0               ; 0     ; 0              ; 0            ; 0                ; 0                 ;
; inst11|inst1                                      ; 16    ; 0              ; 0            ; 0              ; 8      ; 0               ; 0             ; 0               ; 0     ; 0              ; 0            ; 0                ; 0                 ;
; inst11|inst|lpm_mux_component|auto_generated      ; 67    ; 0              ; 0            ; 0              ; 8      ; 0               ; 0             ; 0               ; 0     ; 0              ; 0            ; 0                ; 0                 ;
; inst11|inst                                       ; 67    ; 0              ; 0            ; 0              ; 8      ; 0               ; 0             ; 0               ; 0     ; 0              ; 0            ; 0                ; 0                 ;
; inst11                                            ; 19    ; 0              ; 0            ; 0              ; 8      ; 0               ; 0             ; 0               ; 0     ; 0              ; 0            ; 0                ; 0                 ;
; inst4                                             ; 9     ; 0              ; 0            ; 0              ; 8      ; 0               ; 0             ; 0               ; 0     ; 0              ; 0            ; 0                ; 0                 ;
; inst2|inst                                        ; 2     ; 0              ; 0            ; 0              ; 4      ; 0               ; 0             ; 0               ; 0     ; 0              ; 0            ; 0                ; 0                 ;
; inst2                                             ; 4     ; 0              ; 0            ; 0              ; 4      ; 0               ; 0             ; 0               ; 0     ; 0              ; 0            ; 0                ; 0                 ;
+---------------------------------------------------+-------+----------------+--------------+----------------+--------+-----------------+---------------+-----------------+-------+----------------+--------------+------------------+-------------------+
